start=9.688000
volume=100.000000
